

param numareas := 7;

param numhours:=112;

param numdoors:=129;

param cartlimit:= 450;

param dr := 
1 41
2 56
3 70
4 102
5 111
6 116
7 129;

param delta := 
1 266
2 266
3 170
4 266
5 170
6 266
7 170
;

# Areas 1 and 2 form the south. Area 4 is 123 fluid. Areas 3,5,6 are 123 zonal. 
param beta:=15;

param Vol:
	1	2	3	4	5	6	7	8	9	10	11	12	13	14	15	16	17	18	19	20	21	22	23	24	25	26	27	28	29	30	31	32	33	34	35	36	37	38	39	40	41	42	43	44	45	46	47	48	49	50	51	52	53	54	55	56	57	58	59	60	61	62	63	64	65	66	67	68	69	70	71	72	73	74	75	76	77	78	79	80	81	82	83	84	85	86	87	88	89	90	91	92	93	94	95	96	97	98	99	100	101	102	103	104	105	106	107	108	109	110	111	112 :=
1	0	0	0	0	42	83	107	99	43	105	71	78	103	71	80	83	69	66	101	88	77	87	32	0	0	0	0	0	0	0	0	0	0	117	121	174	147	122	22	0	0	0	0	0	0	0	0	0	0	33	76	74	132	67	38	74	95	77	91	171	16	0	0	0	0	0	89	106	80	92	80	0	0	0	0	0	0	0	0	0	70	90	61	113	76	94	54	104	47	97	52	65	9	0	0	0	0	0	0	0	0	0	0	15	59	68	45	126	16	86	122	29
2	93	109	161	116	30	0	0	0	0	0	0	0	0	0	0	0	0	0	0	0	0	0	45	110	87	86	74	107	98	131	39	151	118	12	0	0	9	0	21	112	75	115	71	59	67	73	37	105	116	67	0	0	0	0	0	0	0	0	0	0	11	65	37	54	40	33	0	0	0	0	3	53	93	85	21	135	91	76	57	46	72	0	0	0	0	0	0	0	0	0	0	0	53	103	25	100	112	49	73	64	78	40	56	48	0	0	0	0	0	0	0	0
3	63	116	100	68	40	74	118	0	0	0	0	0	0	0	0	0	0	34	76	63	66	101	62	91	56	64	63	86	117	81	0	0	0	0	0	0	60	134	49	159	115	133	50	96	78	79	41	74	115	0	0	0	0	0	0	0	0	0	0	0	0	0	15	43	41	49	88	84	0	0	0	0	0	0	0	0	0	0	0	55	73	86	70	40	61	67	37	107	46	49	86	47	76	0	0	0	0	0	0	0	0	0	0	0	0	0	0	34	26	57	80	34
4	0	0	0	0	0	0	3	88	69	48	93	92	99	63	32	44	61	73	0	0	0	0	0	0	25	0	0	0	0	24	38	101	122	94	108	127	67	0	0	0	0	0	33	0	0	0	0	0	53	103	98	89	80	77	33	70	81	84	55	74	58	59	10	0	0	0	0	14	93	146	52	80	96	101	7	125	65	67	45	11	0	0	0	0	0	0	0	0	0	0	0	0	0	97	27	98	103	52	35	61	75	35	72	49	37	90	82	21	0	0	0	0
5	35	90	98	122	57	102	126	0	0	0	0	0	0	0	0	0	32	112	120	52	60	82	51	104	69	78	41	48	73	77	39	49	0	0	0	23	150	88	90	109	131	140	93	117	122	38	0	0	0	0	0	0	0	0	14	75	74	61	66	54	122	75	22	111	96	30	55	113	96	171	21	65	92	0	0	0	0	0	0	0	0	0	14	91	71	81	47	109	28	30	63	28	57	59	0	0	0	0	0	0	0	0	0	0	0	0	0	0	0	0	0	0
6	0	0	0	0	0	0	21	109	102	42	69	95	72	59	143	45	100	0	0	0	0	0	0	0	0	0	0	0	0	0	0	51	131	115	116	194	0	0	0	0	0	0	0	0	0	63	39	90	112	95	89	65	68	62	12	0	0	0	0	0	0	0	0	0	0	24	20	0	0	0	0	0	40	109	30	98	60	82	42	66	109	119	114	0	0	0	0	0	0	0	0	0	0	105	29	111	128	30	45	68	82	44	87	50	78	103	52	71	67	68	72	18
7	55	60	85	78	27	21	0	0	0	0	37	84	103	51	41	28	53	57	66	68	82	77	6	0	0	0	0	0	0	0	0	0	81	89	91	54	0	0	0	0	0	0	0	0	0	46	51	75	115	86	66	76	69	47	24	50	34	0	0	0	0	0	0	0	0	0	81	80	83	100	27	77	0	0	0	0	0	0	0	0	0	25	55	44	63	62	38	55	49	56	69	45	4	0	0	0	0	0	0	0	0	0	0	0	0	0	61	55	31	74	67	28
8	0	0	0	0	0	66	102	74	73	46	39	0	0	0	0	0	0	0	0	0	0	0	39	55	79	75	78	62	101	78	10	89	25	0	0	57	85	68	41	80	90	86	78	84	53	24	0	0	0	0	0	0	0	0	0	0	11	65	40	64	53	58	35	48	34	28	0	0	0	0	0	0	95	72	24	99	64	92	43	37	104	27	0	0	0	0	0	0	0	0	0	0	51	82	46	76	72	31	34	60	73	32	46	43	33	73	2	0	0	0	0	0
9	1	183	154	183	66	137	40	0	0	0	121	172	134	126	95	54	98	0	48	54	59	59	52	92	114	78	57	76	109	122	0	0	0	0	216	255	171	0	0	0	0	0	129	171	152	199	87	127	128	66	0	0	0	0	0	0	50	114	110	137	158	113	46	78	75	4	115	130	0	0	0	0	0	0	0	55	93	114	94	133	174	161	64	0	0	0	0	0	0	0	12	113	122	155	25	181	165	0	0	0	0	0	0	0	0	33	98	94	43	117	142	46
10	102	114	203	29	0	41	0	0	0	0	70	80	126	74	52	82	154	79	65	90	51	58	39	61	50	45	26	85	51	0	0	0	0	0	156	270	32	0	0	0	0	0	0	0	0	0	0	86	211	155	147	113	152	74	46	102	129	95	75	75	16	0	0	0	0	0	126	126	171	209	53	117	9	0	0	0	0	0	0	0	0	0	0	0	0	22	18	42	56	26	93	35	64	164	53	105	109	40	42	79	90	0	0	0	0	0	0	0	0	0	0	0
11	119	93	134	141	54	76	111	7	0	0	16	0	0	3	59	54	193	79	82	42	57	70	46	85	57	63	37	45	90	97	0	0	0	0	143	175	143	170	57	130	134	190	147	16	0	0	0	0	0	0	0	0	0	0	0	1	117	86	102	82	79	103	43	67	66	51	0	0	0	0	0	97	148	101	40	132	62	116	117	108	0	0	0	0	0	0	0	0	0	0	0	10	110	145	50	86	106	56	79	87	104	38	65	54	102	0	0	0	0	0	0	0
12	124	0	0	0	0	0	90	144	115	76	19	0	0	0	0	0	110	125	95	52	59	63	44	69	80	76	60	46	75	0	122	221	220	194	0	0	80	143	82	176	179	298	47	0	0	0	0	0	64	82	164	154	173	127	68	128	108	0	0	0	0	0	0	0	0	90	0	25	188	224	67	135	159	167	37	129	0	0	0	0	0	0	38	90	117	153	62	122	118	70	128	0	0	0	0	0	4	92	123	122	142	72	93	77	87	86	0	0	0	0	0	0
13	0	0	0	95	0	61	133	139	31	191	13	0	0	0	0	0	0	0	24	97	50	52	41	76	68	52	26	71	70	146	83	110	217	174	0	0	100	92	53	147	144	151	120	158	132	145	71	145	0	0	0	0	0	0	0	0	0	0	0	0	64	86	37	76	57	36	0	0	0	0	0	0	151	156	32	126	87	84	63	84	127	111	79	48	77	117	24	0	19	0	0	0	0	0	0	0	0	0	0	0	64	85	114	48	42	80	87	64	24	57	79	22
14	0	0	0	0	0	0	0	106	108	108	80	117	125	75	0	0	0	0	27	42	48	67	31	53	88	64	37	48	42	25	54	153	158	135	0	0	0	0	0	0	0	0	0	123	112	122	54	110	159	123	96	127	160	100	48	123	0	0	0	0	0	0	0	0	0	0	114	151	114	146	41	0	0	0	0	0	0	0	0	0	158	106	67	78	65	125	38	85	95	62	71	75	0	0	0	0	0	0	0	0	0	0	0	0	10	102	75	87	28	79	81	44
15	97	153	21	0	0	20	0	0	0	0	102	193	141	115	109	82	163	105	23	77	55	50	27	64	74	58	41	70	45	0	0	87	149	165	0	0	0	0	38	216	153	220	123	141	134	167	89	26	8	8	0	0	0	0	0	0	0	57	128	168	201	99	45	74	66	53	104	152	123	217	110	76	0	0	0	0	0	0	0	0	134	131	109	113	82	115	38	142	107	70	91	73	108	194	73	100	149	38	0	0	0	0	0	0	0	0	0	0	0	0	0	0
16	85	107	124	107	46	128	136	110	72	83	13	0	0	0	0	0	0	0	41	35	47	39	10	40	60	43	31	55	88	119	94	135	204	137	107	130	0	0	0	0	0	0	0	0	0	0	0	74	154	128	45	162	119	74	30	88	104	60	102	32	71	61	28	80	59	47	0	0	0	0	0	0	68	111	49	117	68	92	83	99	132	110	80	72	91	108	50	78	78	40	93	27	0	0	0	0	0	0	0	0	0	0	0	0	0	0	0	0	0	90	58	19
17	0	0	0	0	0	24	94	100	62	103	66	103	110	71	54	56	115	97	56	42	55	54	23	47	41	44	27	61	25	0	0	0	0	0	84	182	127	123	54	144	118	169	118	121	118	126	57	134	39	0	0	0	0	0	0	0	0	0	0	0	8	0	0	0	0	0	98	167	123	161	79	85	150	128	47	119	35	0	0	0	0	0	0	0	0	0	0	0	0	0	0	0	0	20	0	0	62	60	57	73	91	113	23	94	102	127	71	90	34	91	74	45
18	0	0	142	130	41	69	125	102	125	113	21	0	0	0	0	0	0	76	129	120	62	57	40	75	74	65	49	76	118	104	79	46	0	0	174	189	247	138	27	0	0	0	0	0	0	0	0	167	92	233	122	123	210	95	71	104	97	48	0	42	5	0	0	0	0	0	0	0	0	0	0	106	206	145	41	141	104	109	70	78	28	0	0	0	0	0	0	0	0	0	0	0	0	0	0	0	0	58	74	85	101	98	105	60	45	120	52	112	40	119	87	46
19	0	0	0	0	0	0	0	0	0	0	72	105	132	82	66	56	127	86	64	35	48	88	60	75	84	56	30	57	69	12	0	0	0	0	0	2	158	190	70	160	143	150	151	111	125	114	44	47	0	0	0	0	0	0	0	0	0	0	0	43	6	0	0	0	0	0	146	120	129	147	33	101	56	0	0	0	0	0	0	0	0	0	0	0	0	0	0	0	22	0	0	37	103	128	48	81	70	58	96	75	133	60	68	60	99	74	74	49	52	4	0	0
20	61	90	113	95	33	69	0	0	0	0	0	0	0	0	0	0	0	0	38	43	55	39	23	44	44	45	26	61	74	97	77	160	210	139	66	0	0	0	0	0	0	0	0	0	0	0	0	0	81	218	127	115	114	67	29	87	103	63	101	47	82	94	43	50	42	47	0	0	0	0	0	0	0	0	0	0	29	78	39	63	95	101	73	73	98	91	27	77	67	44	59	64	75	97	52	105	62	0	0	0	0	0	0	0	0	0	0	0	0	0	0	0
21	0	0	0	0	0	0	94	92	67	72	69	92	104	69	52	47	136	101	107	59	102	81	0	0	0	0	0	0	0	0	0	0	0	0	0	36	151	94	66	135	166	121	144	130	90	118	31	163	96	167	84	0	0	0	0	0	0	0	0	0	0	0	0	0	0	0	130	129	111	130	84	115	220	155	31	122	51	80	57	6	0	0	0	0	0	0	0	0	67	0	0	0	0	0	0	0	28	45	45	63	82	35	60	47	54	82	45	32	18	72	69	0
22	49	83	108	76	45	65	5	0	0	0	0	0	0	0	0	0	0	0	0	0	0	25	83	86	76	85	63	145	102	127	41	111	88	137	108	120	0	0	0	0	0	0	0	0	0	0	0	0	0	0	6	81	76	62	47	92	78	81	60	94	61	75	46	90	48	39	0	46	0	0	0	0	0	0	0	0	0	0	0	53	113	76	88	51	163	113	44	107	107	59	67	55	60	139	36	90	53	0	0	0	0	0	0	0	0	0	0	0	0	59	5	23
23	0	0	0	0	0	0	0	66	50	68	93	89	98	78	65	27	104	77	62	67	55	114	0	0	0	0	0	0	0	0	0	0	0	47	88	112	130	136	94	155	126	108	98	115	91	36	0	0	0	0	0	0	0	0	0	0	0	49	77	68	54	87	35	69	35	57	40	0	0	0	0	0	0	0	0	0	0	0	0	0	106	83	67	91	74	76	33	71	69	61	105	51	90	105	42	106	2	0	0	0	0	0	0	0	0	0	0	0	0	0	1	51
24	76	91	96	102	50	97	128	50	0	0	0	0	0	0	0	0	0	0	0	0	0	1	57	86	87	100	84	117	122	81	52	115	190	58	0	0	0	0	0	0	0	0	53	0	0	78	29	67	114	91	67	121	83	87	41	90	101	47	0	0	0	0	0	0	0	0	52	147	137	153	62	101	115	79	60	117	54	53	32	51	0	0	0	0	0	0	0	0	0	0	0	0	0	0	0	0	70	64	67	85	89	44	59	57	131	56	111	98	35	116	79	0
25	48	85	85	63	50	63	75	69	57	56	55	80	69	50	26	25	76	60	46	70	61	83	53	65	102	89	62	75	101	93	34	127	125	87	120	169	108	127	36	92	105	129	82	75	83	74	32	79	124	97	73	84	69	58	30	65	64	64	56	51	49	43	22	50	52	38	96	142	93	135	45	80	104	90	23	76	29	63	36	59	115	77	58	55	91	78	27	87	70	54	63	55	43	124	54	87	95	28	51	59	101	34	59	45	30	69	41	62	19	65	42	73
26	35	64	49	42	28	51	77	63	42	36	47	62	90	31	24	17	37	39	24	47	62	62	47	43	55	73	41	47	78	34	19	70	65	69	62	79	96	96	33	106	51	80	47	51	50	68	28	60	76	49	54	37	54	40	18	51	61	49	27	43	42	33	19	44	31	22	70	94	58	85	27	47	75	61	15	73	31	44	25	37	81	65	50	52	43	70	27	75	66	33	26	36	17	113	36	59	57	57	51	41	54	26	68	33	31	43	52	83	14	38	41	25
27	20	53	35	45	52	17	56	20	6	15	124	99	38	43	49	16	65	58	37	74	74	75	11	23	34	64	24	22	46	73	41	31	40	12	56	73	107	50	81	125	191	141	59	51	59	70	9	11	32	40	33	39	40	72	27	10	52	35	97	116	44	50	5	18	7	16	89	208	90	42	37	67	51	12	2	22	3	14	8	14	51	108	43	171	61	20	30	72	42	45	16	51	39	101	22	44	63	105	146	82	38	12	12	26	33	49	21	55	22	103	71	22
28	110	68	102	86	40	43	85	73	37	111	42	78	75	92	42	17	24	28	45	37	64	60	29	91	47	48	24	46	75	70	36	31	65	42	28	74	51	142	62	127	45	60	30	59	38	49	9	42	20	21	63	71	58	98	15	36	59	45	36	85	15	20	21	34	26	33	16	110	25	74	49	117	65	20	9	84	30	39	36	15	51	40	24	65	53	63	28	72	57	35	23	30	34	77	20	17	30	30	67	28	56	8	13	20	54	58	41	30	25	95	45	14
29	48	70	54	56	43	66	84	65	39	31	66	57	73	43	34	23	59	64	64	69	52	69	55	61	72	80	49	82	93	70	26	87	100	91	95	131	110	78	27	84	83	114	76	74	74	60	53	70	84	84	66	88	58	49	25	47	54	72	38	59	30	64	19	37	51	29	76	73	80	74	25	61	72	68	18	71	32	69	30	42	92	47	58	42	54	64	30	44	54	69	42	43	65	82	37	63	71	27	36	47	52	25	49	37	34	52	49	57	12	51	51	38
30	47	67	58	53	19	34	61	36	31	34	47	59	55	39	34	28	64	47	46	49	49	59	38	65	48	37	37	57	74	89	29	68	80	81	70	100	91	54	33	66	59	79	47	38	53	44	25	59	86	74	42	64	59	46	26	61	48	61	32	40	32	44	20	30	48	30	65	54	43	72	16	47	60	63	21	70	27	50	27	38	67	41	39	36	37	63	28	44	51	41	35	26	33	91	39	49	54	22	28	33	30	25	39	45	35	36	38	42	22	57	43	28
31	27	100	90	72	52	73	85	74	38	36	67	66	65	64	42	22	63	51	34	42	42	51	37	54	76	75	47	63	71	43	18	76	61	68	85	130	106	74	36	82	68	94	58	61	99	72	30	85	69	67	42	52	68	50	34	51	51	69	49	44	50	54	17	31	48	33	59	67	61	74	26	75	78	73	20	62	36	62	36	51	82	55	44	69	65	60	38	60	68	42	53	39	59	81	36	70	62	30	29	77	57	26	50	38	28	48	41	62	10	49	61	26
32	30	62	70	57	29	41	63	53	54	43	60	76	63	48	34	25	47	60	68	52	63	75	53	39	57	60	44	55	90	52	27	63	99	93	62	100	71	54	56	74	99	75	62	70	56	54	44	68	79	71	54	42	51	53	24	49	44	54	33	79	52	52	16	52	40	19	58	82	70	76	19	51	61	55	16	70	22	63	49	36	80	47	50	35	43	69	30	63	47	46	36	44	61	72	36	70	55	28	24	45	39	22	37	34	32	57	38	53	12	60	60	27
33	50	71	59	45	28	32	74	69	49	30	41	55	47	54	25	31	69	48	61	79	79	76	40	73	74	59	60	57	84	84	28	116	94	115	111	126	88	99	38	72	90	109	50	65	81	75	30	80	109	77	61	58	76	54	28	61	60	64	36	47	35	40	25	42	37	31	63	102	68	96	30	57	105	75	16	87	55	59	55	55	89	64	57	63	60	60	34	50	51	41	43	50	74	95	45	62	85	32	30	59	55	25	60	54	43	66	39	41	6	40	58	26
34	36	61	51	52	31	53	59	68	38	34	49	63	65	35	23	34	62	29	56	53	41	67	33	36	63	57	33	40	74	57	33	94	120	91	89	90	72	87	36	61	65	97	59	51	65	62	33	83	88	75	56	58	68	69	28	52	45	58	45	52	27	41	15	43	34	25	73	58	76	66	19	63	78	69	14	86	25	72	26	45	79	46	42	27	49	59	35	48	37	57	34	46	73	64	24	58	86	20	31	44	53	23	42	37	40	57	60	37	13	32	47	19
35	35	54	55	36	39	42	62	46	24	55	42	51	54	39	18	22	59	41	29	60	32	55	32	48	48	50	36	44	83	49	17	54	40	70	57	70	108	54	28	70	60	65	37	47	58	52	26	55	60	64	45	50	42	50	21	35	34	47	31	45	41	40	13	32	24	23	54	81	101	71	44	32	83	66	10	39	31	42	34	54	67	41	32	32	59	49	18	66	70	38	35	33	37	55	29	45	40	24	28	28	37	33	29	30	29	32	28	51	13	28	39	21
36	37	84	81	75	41	52	69	69	91	81	65	56	70	49	33	42	53	56	61	39	60	53	52	94	60	64	46	115	80	107	50	125	82	101	109	94	132	89	54	92	81	100	88	65	90	79	20	83	99	110	61	64	95	58	29	47	53	57	45	53	51	68	23	43	48	32	52	77	63	89	37	53	71	81	23	93	38	63	51	46	90	49	45	34	38	69	38	57	62	30	69	41	58	97	28	59	68	40	26	27	70	19	51	37	36	61	49	72	8	50	48	40
37	60	44	83	59	35	50	76	75	42	55	48	76	60	56	23	46	37	27	35	33	48	39	41	59	40	32	29	32	67	103	49	71	53	86	71	90	94	130	59	110	76	68	62	71	56	73	38	57	66	63	48	50	75	22	20	67	49	51	44	48	39	44	15	22	31	11	57	91	78	111	27	40	69	58	17	65	47	55	30	59	88	56	33	44	46	41	28	39	37	38	28	32	29	71	33	56	36	4	52	54	55	29	61	22	37	39	28	63	8	44	66	20
38	67	67	63	47	31	55	60	53	37	44	51	100	74	64	44	24	59	49	37	53	64	73	27	61	105	92	69	82	84	50	34	75	110	107	76	103	135	76	46	70	95	110	63	61	64	53	38	84	79	62	51	65	58	48	25	59	54	74	29	46	32	53	29	47	56	40	52	72	66	88	47	57	72	69	24	70	35	51	28	47	92	67	61	57	51	59	25	59	41	48	39	54	47	98	37	56	72	77	44	46	50	26	55	28	37	45	40	64	25	52	46	25
39	78	92	78	69	65	69	80	93	52	39	63	75	85	62	43	47	63	87	51	92	68	85	55	28	117	91	59	111	142	95	53	116	88	129	97	117	100	80	56	125	111	111	91	81	87	82	34	78	113	97	59	86	81	44	31	63	51	66	51	63	41	59	35	61	57	32	57	79	79	118	20	81	77	83	40	81	67	70	34	67	104	67	61	36	47	79	41	55	63	66	66	107	98	111	63	81	66	81	44	73	69	24	74	69	58	101	90	46	32	69	79	38
40	61	94	96	61	33	81	82	82	42	41	81	101	88	55	44	26	67	65	54	56	60	66	62	87	77	101	63	67	92	57	18	70	63	70	55	60	62	92	30	84	107	98	53	58	66	70	37	47	74	60	35	63	54	53	31	63	53	71	33	50	50	69	30	29	48	44	44	41	50	81	44	84	71	62	24	62	31	67	45	46	80	56	49	34	34	53	24	52	41	36	64	58	47	89	31	59	88	37	63	73	49	33	37	25	44	59	59	72	21	67	66	30
41	44	74	71	56	28	44	67	67	35	29	69	61	66	51	25	45	77	58	65	47	35	70	47	82	76	61	55	63	86	66	26	101	99	85	77	99	100	64	28	97	96	108	68	54	86	62	25	70	96	86	52	59	65	45	18	69	53	67	50	59	50	44	15	40	51	38	72	89	99	115	18	57	78	66	26	73	39	49	38	49	92	58	49	42	38	60	32	61	45	44	64	52	54	88	39	72	54	27	44	48	58	24	45	32	37	63	44	41	27	46	64	34
42	31	56	59	54	19	31	83	50	49	30	40	79	66	35	34	29	70	24	65	45	42	67	50	103	71	52	37	40	99	69	40	92	72	86	76	96	82	78	35	61	72	82	34	70	80	58	47	88	76	63	53	35	49	36	12	50	48	61	48	38	33	52	20	52	48	36	60	69	43	61	15	55	75	60	23	68	22	53	36	39	69	58	69	33	36	61	25	53	27	29	46	45	62	84	40	50	34	19	31	31	55	23	31	41	36	32	40	54	12	56	58	25
43	27	76	70	52	27	41	62	64	60	80	37	39	92	32	22	24	36	31	38	112	46	64	17	40	57	59	45	57	70	63	27	80	78	105	113	87	123	67	35	61	90	106	81	90	79	82	50	87	170	84	83	53	75	17	25	48	44	55	35	40	56	51	15	25	9	23	76	95	111	129	42	67	130	102	31	53	58	69	44	47	112	105	44	37	41	27	15	11	28	25	48	18	32	74	41	77	58	17	21	48	76	24	81	35	48	32	39	36	8	17	68	22
44	36	53	65	53	22	26	57	60	25	61	48	48	54	52	20	26	48	35	44	33	55	75	42	43	52	62	54	45	63	45	19	55	61	60	66	63	70	51	27	57	53	64	74	60	46	59	24	71	51	53	45	59	68	38	30	34	60	59	45	40	28	52	15	30	30	26	48	81	64	69	34	45	62	59	13	48	25	69	32	45	73	47	51	43	43	45	37	51	39	46	31	33	55	62	24	47	48	21	44	40	40	22	27	23	23	41	37	46	15	53	55	22
45	71	66	161	70	53	63	93	61	48	75	83	110	76	61	44	48	73	75	76	55	55	93	54	71	78	117	88	67	92	96	46	88	135	91	90	160	155	108	47	115	158	111	83	94	92	73	29	61	106	87	54	71	78	64	35	79	62	69	49	52	39	68	20	50	40	36	79	84	82	103	25	75	85	77	28	76	50	85	33	81	96	77	79	44	68	74	31	61	78	69	118	52	79	71	34	83	86	47	65	62	54	47	39	53	42	76	75	54	25	61	66	38
46	27	50	46	14	11	33	60	48	20	26	51	50	40	45	24	16	45	36	37	37	38	54	28	40	55	65	54	61	67	50	32	53	82	83	65	68	99	47	23	60	76	110	46	55	69	88	31	53	92	80	67	70	43	35	14	33	36	52	33	47	24	31	17	39	43	15	69	68	74	73	19	40	72	53	19	46	25	37	22	23	59	52	44	24	42	45	27	52	48	36	31	29	42	72	26	50	52	30	25	39	31	26	33	29	29	49	49	59	9	32	33	29
47	26	55	60	55	23	50	48	48	50	40	35	55	48	44	23	17	53	48	24	40	46	72	48	56	46	43	48	39	64	67	24	62	69	70	51	58	41	78	27	60	44	56	39	45	60	43	22	50	45	57	54	48	64	32	17	45	53	47	27	45	31	48	20	33	36	23	52	83	78	85	20	41	60	49	19	73	38	45	43	44	64	38	40	29	41	53	26	47	44	37	36	42	60	66	32	44	49	33	36	34	47	17	35	24	23	35	40	36	20	44	54	25
48	32	64	53	25	23	31	47	44	27	35	34	41	50	36	15	21	37	27	29	39	32	33	39	45	43	49	42	39	57	41	16	74	72	80	61	62	56	42	25	49	58	60	37	34	81	48	25	50	64	63	34	35	36	34	18	45	38	46	23	36	27	36	18	26	30	17	47	79	48	80	16	43	65	54	12	53	23	49	28	31	71	26	42	41	33	45	32	45	32	39	25	34	47	63	54	38	52	17	22	36	44	25	43	41	29	45	31	41	11	18	25	42
49	54	87	113	80	48	81	92	107	66	69	67	96	108	92	54	42	140	85	75	50	62	109	94	117	106	106	58	88	111	93	49	135	147	106	155	148	111	78	54	130	116	116	95	76	86	80	26	91	122	79	84	98	98	67	35	68	92	73	55	72	41	77	27	53	45	54	77	140	90	144	39	68	116	90	28	97	40	63	44	64	61	86	62	41	82	91	36	74	60	49	58	81	86	115	42	84	91	73	50	75	78	32	59	54	38	82	112	55	32	94	43	55
50	27	53	56	68	19	42	49	68	38	35	61	55	62	44	22	19	50	40	32	32	48	63	38	61	55	62	38	53	78	51	29	66	53	63	76	63	80	59	28	66	60	59	44	50	63	44	24	76	53	46	28	44	45	27	20	34	47	56	32	82	33	41	21	50	43	57	48	55	56	66	21	44	60	57	7	63	19	42	27	33	63	46	49	34	36	62	35	55	27	42	39	33	66	68	27	50	36	27	32	48	42	28	27	27	30	34	33	51	22	52	40	51
51	45	80	53	45	38	54	67	58	35	61	46	60	59	37	39	18	49	40	56	39	45	59	46	52	90	53	35	45	65	61	38	72	82	99	103	114	88	58	32	56	55	79	46	66	62	46	19	61	60	53	40	59	44	46	22	52	56	52	36	42	35	46	32	26	32	22	41	45	49	68	15	41	68	70	19	74	23	58	23	63	91	53	32	28	44	63	46	47	41	41	30	31	50	49	24	46	46	30	31	39	43	33	43	39	29	65	29	53	10	35	47	26
52	42	63	65	57	48	70	78	58	60	32	42	60	63	42	27	30	66	54	68	47	57	64	43	41	67	62	42	56	82	66	26	84	55	87	55	93	78	75	31	90	76	88	59	51	101	63	21	57	90	61	34	61	63	58	27	52	58	75	37	53	36	46	30	30	34	40	40	50	51	75	21	66	71	46	19	71	37	49	21	39	77	57	55	41	50	57	33	57	45	52	40	45	67	52	42	63	70	28	39	44	41	19	41	36	35	61	49	47	28	45	37	28
53	48	76	68	65	41	40	72	69	47	29	69	71	68	41	22	26	62	65	58	62	60	84	43	70	80	70	55	86	84	62	37	80	93	75	113	95	103	78	36	68	92	92	71	68	70	78	30	60	84	103	55	64	66	52	25	76	46	58	41	57	36	54	19	35	42	46	74	115	85	85	23	63	71	78	23	86	34	63	32	63	91	63	46	65	65	62	28	29	67	50	61	44	80	66	39	63	85	26	35	41	38	18	48	39	46	55	53	66	14	50	60	26
54	48	67	76	69	39	66	90	105	47	51	45	75	72	67	36	35	67	58	45	56	60	77	49	72	65	97	60	65	98	94	40	86	82	111	138	111	115	93	37	61	96	119	78	84	83	64	39	96	93	38	115	68	77	62	26	72	62	72	43	57	79	61	17	45	57	24	74	101	89	130	22	78	107	95	26	92	46	55	40	73	93	63	39	54	71	81	20	58	80	58	37	65	65	82	47	72	86	31	42	58	59	39	47	44	44	71	46	77	16	70	65	43
55	65	98	98	36	33	47	76	53	83	96	66	81	96	55	30	17	48	68	69	48	61	71	55	103	52	46	57	78	93	69	37	102	67	86	86	145	173	92	102	77	64	82	67	175	83	44	41	59	108	102	88	59	61	64	20	39	53	64	54	57	28	63	30	34	28	14	106	93	109	86	18	44	70	72	25	88	28	56	61	56	68	55	52	35	48	82	30	46	46	32	32	27	37	66	27	48	43	21	71	48	65	50	63	55	27	47	42	53	17	67	58	42
56	33	69	53	50	21	40	67	45	27	37	52	56	49	51	19	13	43	48	47	47	41	67	37	50	46	54	42	54	73	48	19	72	91	87	91	100	68	85	24	54	45	70	66	56	74	56	26	64	64	47	40	54	42	38	28	38	42	56	39	47	28	41	15	35	28	23	51	74	69	82	29	47	67	63	10	58	22	56	28	41	85	42	33	64	41	46	26	35	41	28	37	37	62	77	30	45	55	22	19	37	40	21	44	31	32	52	35	35	28	27	43	17
57	232	93	223	151	69	65	195	121	156	137	199	285	224	277	164	70	390	116	172	45	114	4	157	260	132	6	125	269	286	76	41	158	224	90	3	0	22	5	34	14	337	169	5	53	62	4	67	230	109	79	13	11	21	99	30	183	222	104	41	36	41	2	6	74	102	205	2	1	1	52	7	1	1	65	98	302	62	67	4	6	8	16	2	2	14	234	21	64	23	9	38	144	231	286	79	23	1	0	0	14	19	0	12	157	90	69	29	67	48	86	89	3
58	0	0	0	0	0	0	0	0	0	0	0	0	0	0	0	0	0	0	0	0	0	0	0	0	0	0	0	0	0	0	0	0	0	0	0	0	0	0	0	0	0	0	0	0	0	0	0	0	0	0	0	0	0	0	0	0	0	0	0	0	0	0	0	0	0	49	0	0	0	0	0	0	0	0	0	0	0	0	0	0	0	0	0	0	0	0	0	0	0	0	3	1	26	119	10	8	61	0	31	0	18	2	4	7	1	0	0	0	0	0	0	0
59	4	3	3	6	35	7	8	1	1	0	42	9	36	7	3	2	2	2	1	0	4	0	4	10	6	2	0	0	7	7	2	11	21	23	0	2	1	61	4	14	0	8	0	4	1	45	1	0	21	2	2	15	5	2	0	9	4	24	0	0	5	6	20	30	20	7	4	1	4	1	2	11	18	0	0	0	0	3	0	0	0	0	3	4	1	6	11	0	0	28	0	8	4	2	4	23	26	0	2	58	66	2	51	43	6	8	5	0	11	2	0	10
60	0	0	37	76	109	34	3	0	1	0	0	0	68	50	0	0	1	9	0	0	0	0	0	27	19	0	0	0	0	0	0	1	0	4	0	0	0	108	2	0	0	0	0	1	2	73	2	0	0	0	0	0	1	0	0	0	0	0	0	0	0	0	0	0	0	0	1	4	2	0	0	3	0	0	0	0	0	0	0	0	0	0	0	0	0	0	0	0	0	0	0	0	0	0	3	21	22	0	1	0	0	1	144	206	48	4	2	1	29	1	1	43
61	30	56	80	55	21	7	20	0	7	2	25	2	33	76	47	14	16	35	107	271	318	4	55	54	23	49	45	26	122	27	16	54	92	46	49	65	35	14	7	11	12	34	19	35	13	33	8	29	27	23	20	44	4	6	5	32	11	10	41	5	35	67	35	52	12	0	83	113	111	92	23	85	67	158	99	42	27	36	73	46	163	67	75	61	50	99	3	9	3	4	96	67	0	85	54	113	126	0	29	43	172	180	91	20	16	8	1	9	5	28	59	2
62	26	40	8	14	7	7	39	23	9	1	8	13	10	11	10	18	16	55	54	4	62	0	60	41	65	1	35	24	54	5	27	105	176	97	155	85	141	51	6	59	79	146	68	88	92	80	26	99	114	149	48	73	26	16	10	22	87	66	55	38	9	49	36	6	14	22	104	148	162	65	36	69	45	178	10	47	52	66	10	17	39	64	17	25	43	5	2	2	3	14	48	6	9	24	27	64	132	0	38	26	53	45	37	20	20	24	24	6	0	5	20	29
63	3	2	3	0	0	61	17	57	9	1	0	1	122	1	0	0	11	1	0	0	4	1	32	5	13	3	27	14	41	35	0	0	1	1	4	1	31	1	0	0	2	0	8	61	17	1	1	0	1	0	0	1	9	0	4	1	1	7	10	18	0	2	1	2	0	0	4	0	1	0	0	3	17	14	5	18	26	36	27	27	36	103	4	15	1	4	19	2	0	0	2	0	5	11	37	18	58	0	10	1	0	0	1	2	22	1	21	7	1	0	28	0
64	0	11	22	10	0	3	5	1	12	0	10	36	37	1	3	7	49	6	5	3	35	2	8	2	0	0	0	0	4	4	1	2	1	0	0	3	0	0	2	0	0	0	1	0	0	0	2	0	1	0	0	9	1	0	6	9	8	1	0	1	22	10	12	7	25	0	3	0	2	13	0	28	2	15	0	3	2	0	0	47	0	1	1	0	0	0	0	0	0	16	103	204	128	26	9	3	78	0	25	30	7	1	14	0	0	20	27	2	0	0	20	2
65	1	4	27	11	4	0	1	131	33	0	36	15	17	16	22	14	14	16	0	0	3	0	39	35	7	0	36	13	12	13	15	16	3	10	61	44	9	22	6	30	36	42	5	35	27	20	4	4	20	39	38	26	19	1	0	4	50	37	23	2	16	7	2	14	30	15	0	3	3	48	10	70	105	36	4	4	1	72	8	121	2	66	12	14	4	0	1	0	0	9	29	10	42	1	2	9	46	0	7	1	0	0	0	0	6	9	0	19	0	2	10	1
66	0	0	0	0	0	0	0	0	0	0	0	0	0	0	0	5	8	2	0	0	0	0	0	0	0	0	0	0	0	0	0	0	0	0	79	2	0	0	0	0	10	0	0	0	0	0	0	0	0	1	0	0	123	35	0	1	0	0	0	0	0	10	1	31	1	0	12	0	1	11	18	0	1	0	0	0	0	42	0	0	0	0	0	0	0	0	0	0	0	0	0	16	2	0	9	0	0	0	0	0	0	0	0	0	0	0	0	0	0	0	0	0
67	0	10	22	9	0	4	4	2	12	0	9	28	33	1	3	7	39	5	6	3	34	2	8	1	0	0	1	0	4	3	2	2	1	0	0	3	0	0	2	0	0	0	1	0	0	0	1	1	1	0	0	8	1	0	7	14	8	1	0	1	22	6	0	0	0	0	0	0	0	0	0	0	0	0	0	0	0	0	0	0	0	0	0	0	0	0	0	0	0	0	0	0	0	0	0	0	0	0	0	0	0	0	209	20	16	7	2	9	4	28	50	3
68	30	58	66	38	27	7	19	0	7	2	25	1	33	43	71	35	16	36	98	178	189	3	63	40	39	43	9	26	76	26	17	93	90	33	70	121	31	13	8	11	11	36	20	27	19	40	9	46	27	24	22	99	5	5	6	34	11	10	33	5	33	40	2	3	16	19	20	61	6	5	3	2	12	3	4	29	25	32	7	54	9	12	0	20	23	8	8	38	21	15	10	17	3	34	21	20	37	0	30	1	0	7	23	3	36	46	1	13	15	48	24	9
69	6	19	10	27	5	50	19	9	11	0	14	32	41	30	19	23	62	39	39	2	46	17	87	22	21	21	36	14	28	16	5	30	26	12	24	26	277	127	78	104	34	149	22	208	77	57	4	30	35	24	13	12	3	4	11	13	15	9	10	5	86	44	2	2	16	19	27	63	9	6	2	3	11	4	4	28	26	31	8	49	10	31	0	19	33	8	7	36	22	15	9	17	3	34	22	19	34	0	30	0	1	7	23	2	36	84	0	14	14	65	16	8
70	0	0	0	0	0	0	0	0	0	0	0	0	0	0	0	0	0	0	0	0	0	0	0	0	0	0	0	0	0	0	0	0	0	0	0	0	0	0	0	0	0	0	0	0	0	0	0	0	0	0	0	0	0	0	0	58	27	36	0	0	0	13	11	152	179	10	27	0	0	2	7	2	0	0	41	60	8	85	15	20	133	1	1	0	0	0	24	73	2	16	59	0	0	0	0	0	0	0	0	0	0	0	0	0	76	7	0	1	0	0	0	1
71	0	8	0	1	3	2	9	4	3	2	0	4	3	0	1	3	2	9	7	0	2	2	4	0	0	2	4	0	1	2	3	17	1	1	0	1	1	5	5	2	3	0	0	3	3	0	1	5	6	0	0	3	6	1	0	2	2	0	1	0	1	1	0	3	8	3	1	1	0	0	0	13	16	2	0	8	6	3	6	7	6	8	2	2	0	1	0	1	1	1	4	1	1	3	0	0	0	1	0	1	3	2	1	1	8	0	0	11	4	4	3	0
72	21	58	31	33	18	29	26	40	23	19	38	35	29	23	13	16	21	27	21	19	21	33	24	35	21	37	20	15	45	33	14	35	45	41	38	39	37	55	20	34	37	57	25	39	35	21	14	31	39	23	11	25	18	16	13	23	24	31	16	27	14	10	16	19	30	14	46	35	38	37	12	28	40	28	18	32	12	25	23	14	30	47	32	23	29	28	19	36	25	23	14	27	47	42	22	29	39	13	16	15	32	15	27	24	31	22	20	22	9	20	36	16
73	16	40	33	0	3	55	26	12	0	67	34	36	18	15	0	0	35	38	23	24	31	32	18	33	23	32	14	0	86	32	9	3	54	41	55	61	37	34	47	38	52	0	66	51	38	40	21	52	27	40	28	33	26	22	16	33	35	36	14	26	22	7	8	24	32	16	37	53	28	68	15	20	41	35	12	40	13	33	24	19	31	32	28	24	20	32	22	27	26	25	22	26	30	32	25	20	37	12	13	23	24	15	21	29	18	25	20	23	8	18	27	11
74	11	32	28	24	7	13	13	34	20	21	18	22	25	13	6	5	24	24	19	26	9	25	11	29	11	34	17	39	39	19	12	59	55	62	36	40	40	34	15	37	30	42	20	26	34	36	13	40	45	27	30	31	26	25	8	20	29	41	18	24	14	23	9	20	18	10	48	54	42	58	21	31	49	48	11	24	18	23	11	20	41	39	23	22	18	42	14	12	15	8	10	10	27	21	35	32	30	3	17	30	32	11	28	25	11	16	24	14	6	5	13	14
75	13	38	34	20	8	22	17	29	18	16	28	23	17	15	10	10	13	17	17	15	10	25	12	20	13	44	18	25	41	39	11	34	33	44	30	41	43	27	12	34	46	33	24	34	37	29	15	31	39	35	19	27	26	22	10	23	39	31	15	23	18	15	8	27	28	8	36	35	32	59	18	35	45	35	13	27	5	20	19	26	42	40	24	18	28	27	17	19	16	22	11	10	25	38	18	24	32	8	18	18	31	16	26	26	10	18	20	19	3	15	26	5
76	10	22	33	17	17	22	18	30	15	24	30	28	35	14	11	12	22	23	27	21	36	28	17	12	26	34	21	19	44	28	13	27	45	41	30	40	39	29	15	29	34	48	26	38	55	33	12	25	36	19	20	23	15	21	13	13	49	36	13	31	24	22	11	28	23	14	42	49	43	47	20	31	34	31	21	36	9	33	18	10	36	29	35	20	26	25	10	30	44	34	21	31	29	27	37	30	30	12	20	24	26	13	25	23	22	14	18	13	7	26	20	10
77	6	37	20	17	6	10	10	31	12	13	26	19	16	18	4	7	13	17	12	15	8	17	6	25	10	12	13	14	26	16	10	31	133	50	34	34	23	20	14	25	33	30	16	23	25	23	15	39	28	22	16	19	12	20	12	14	8	35	10	26	9	7	8	11	14	7	35	49	33	43	19	21	30	34	8	15	8	10	12	9	20	15	20	9	13	11	2	4	0	0	0	0	0	0	0	0	0	0	0	0	0	0	0	0	0	0	0	0	0	0	0	0
78	9	30	30	16	3	13	15	28	15	20	30	28	19	14	2	9	15	11	11	24	28	23	13	28	32	35	18	25	39	23	12	35	36	41	33	43	36	27	18	35	40	40	15	36	39	40	12	34	40	26	19	29	17	14	10	19	31	31	11	21	18	18	7	20	20	6	38	43	34	47	22	23	37	27	11	30	5	16	9	18	28	19	24	14	16	34	10	20	19	17	16	17	18	30	11	35	24	7	9	23	26	19	23	21	12	14	16	13	8	11	12	8
79	3	24	13	16	2	5	8	18	15	13	26	45	16	5	6	0	21	27	1	3	23	31	11	15	18	30	20	2	12	2	6	7	5	12	20	14	20	17	12	18	33	30	13	14	10	12	14	15	15	12	17	16	37	19	6	20	4	2	4	3	37	13	7	8	8	11	24	10	46	60	30	27	25	11	6	8	24	13	2	38	1	25	12	5	9	12	5	11	31	8	15	3	11	9	5	4	28	6	3	6	16	3	5	1	5	25	16	15	2	4	6	4
80	0	0	0	0	0	0	0	0	0	0	0	0	0	0	0	0	0	0	0	0	0	0	0	0	0	0	0	0	0	0	0	0	0	0	0	0	0	0	0	0	0	0	0	0	0	0	0	0	0	0	0	0	0	0	0	0	0	0	0	0	0	0	0	0	0	0	0	0	0	0	0	0	0	0	0	0	0	0	0	0	0	0	0	0	0	0	0	0	0	0	0	0	0	0	0	0	0	0	0	0	0	0	0	0	0	0	0	0	0	0	0	0
81	26	41	66	50	23	32	43	58	31	34	44	45	45	33	34	20	41	27	39	32	27	50	32	38	36	57	38	42	42	58	27	41	89	64	44	64	72	47	33	40	52	67	31	39	63	57	22	44	61	40	25	36	35	23	13	25	51	56	18	47	45	32	21	47	50	17	39	73	37	65	20	41	51	53	16	40	27	49	25	33	40	40	37	23	36	60	23	36	40	31	28	37	41	48	30	28	57	21	23	32	29	15	26	32	21	39	23	27	7	26	34	23
82	41	53	65	50	37	37	29	54	35	39	50	64	47	42	17	12	41	40	35	38	29	49	23	44	36	54	46	70	54	74	24	52	58	58	51	73	62	68	30	57	72	74	43	41	45	33	20	51	60	49	32	48	36	40	23	51	30	55	34	36	28	14	18	29	33	28	55	61	54	67	15	44	40	61	27	60	24	34	30	35	52	54	38	36	40	44	30	58	47	31	51	47	57	44	39	40	68	16	41	40	25	12	25	33	23	50	45	47	12	36	70	36
83	19	32	30	17	10	16	16	32	19	22	36	30	26	18	13	12	16	22	18	21	23	29	11	33	23	49	19	27	40	40	14	36	44	50	48	51	44	43	19	35	50	45	24	41	45	39	19	40	43	35	36	32	26	13	12	20	33	40	18	30	17	11	9	25	32	22	50	46	39	65	18	35	43	45	18	25	15	30	19	29	41	57	37	19	27	36	16	33	16	20	17	15	26	36	22	26	39	6	18	20	37	14	26	21	17	22	26	25	5	16	13	16
84	26	53	42	46	17	20	24	53	22	32	45	64	35	30	9	26	32	31	18	32	24	33	29	45	22	47	35	29	72	41	18	34	88	69	63	49	76	51	22	46	67	73	27	47	55	48	25	56	68	43	31	37	43	32	17	34	40	47	22	35	38	32	17	20	33	27	61	53	40	71	20	39	51	43	16	35	20	46	27	37	42	46	44	26	35	40	28	29	41	42	27	33	38	42	38	49	53	25	22	30	36	12	35	27	24	28	22	23	13	29	35	23
85	25	40	52	28	15	39	38	51	22	42	39	44	32	34	17	14	36	46	43	35	29	43	25	53	35	50	31	46	55	49	15	52	53	72	62	54	64	59	17	45	56	59	35	49	63	35	21	48	49	46	23	33	32	34	19	24	36	46	18	47	36	29	18	19	30	29	49	69	41	55	22	38	48	55	24	50	18	42	21	24	41	35	31	41	45	50	17	69	41	34	24	32	47	57	24	40	52	24	25	41	44	13	24	24	23	18	26	34	6	35	40	24
86	16	31	54	20	17	19	26	36	16	32	36	40	33	26	23	10	31	33	25	31	37	43	29	46	21	41	25	23	54	44	14	48	46	51	35	39	34	38	22	36	51	65	28	81	41	46	12	48	40	26	22	38	30	37	23	28	51	35	16	29	26	32	20	17	34	21	29	43	29	55	18	31	42	38	18	31	15	25	18	33	40	22	33	16	39	32	30	43	26	29	18	29	39	38	24	31	38	19	33	33	29	21	29	19	12	25	24	31	11	40	41	21
87	29	21	55	64	46	73	18	65	52	23	101	15	52	34	15	75	64	60	12	28	28	28	34	21	27	28	57	68	97	57	36	56	68	45	17	49	45	33	76	32	23	12	27	17	27	68	32	27	27	9	5	31	14	59	16	29	54	65	11	18	11	24	23	16	39	22	7	26	20	29	19	43	40	61	45	106	53	102	21	16	32	32	6	19	43	51	9	14	4	22	50	34	8	38	20	48	25	17	12	16	32	15	12	14	11	30	47	51	73	61	109	38
88	24	31	50	47	35	60	23	80	54	27	45	15	55	29	22	75	43	38	16	47	36	30	36	37	25	43	60	43	66	54	40	44	56	58	22	49	37	21	46	26	18	19	30	24	36	70	29	33	20	6	8	46	17	50	12	36	53	63	13	22	9	30	18	20	44	20	9	31	17	26	13	30	43	62	30	57	53	32	19	5	22	27	23	11	18	55	7	26	14	18	61	39	12	28	28	40	35	19	12	12	22	14	9	17	24	44	49	39	37	48	41	30
89	9	18	15	24	11	40	16	36	28	7	22	6	18	23	11	33	26	22	8	12	8	13	9	7	6	17	19	33	24	28	32	53	23	23	11	27	20	10	7	17	10	9	13	9	4	11	3	13	6	0	5	22	2	24	5	15	29	37	5	6	2	19	6	13	24	3	4	1	5	14	4	8	12	18	8	20	15	29	5	6	7	16	1	4	3	3	2	5	3	12	29	19	4	9	11	19	10	0	0	7	11	6	2	6	3	22	35	16	22	18	18	12
90	3	0	4	13	8	7	14	12	4	1	4	0	9	5	1	8	7	5	0	7	16	10	0	1	0	0	3	16	1	14	1	4	3	0	0	4	4	1	0	2	1	0	35	1	0	1	1	3	1	0	0	0	13	13	24	6	1	1	0	15	0	3	0	8	3	4	3	0	0	0	7	11	10	0	0	1	2	0	19	7	5	2	1	5	10	0	0	2	1	0	14	9	1	5	0	24	46	7	1	0	0	3	2	0	0	0	2	0	5	17	10	8
91	11	11	29	40	24	52	14	42	24	12	37	18	29	27	7	37	23	31	8	17	8	20	18	13	16	27	39	39	43	43	14	50	29	9	10	43	28	8	9	21	15	13	23	10	13	27	7	11	11	0	5	17	4	31	5	11	31	39	9	8	6	12	8	8	17	14	6	6	7	11	7	22	22	34	10	23	22	20	8	8	14	19	5	1	18	29	3	5	5	12	24	23	8	13	12	17	14	0	1	6	8	6	5	4	6	23	25	25	40	26	28	15
92	20	14	37	38	27	45	27	52	38	21	32	8	37	24	10	52	50	27	6	24	15	24	27	15	16	27	51	33	55	65	15	81	36	25	17	48	43	17	15	21	17	15	25	23	23	42	21	32	14	6	5	35	14	49	16	26	35	66	10	11	3	15	15	13	24	6	8	21	18	17	14	21	28	51	19	44	30	34	12	5	16	28	4	5	19	36	7	20	7	14	31	39	14	19	28	27	20	1	3	6	17	3	8	10	13	27	45	20	50	35	35	18
93	7	0	4	8	5	5	8	9	3	1	2	0	6	3	0	12	6	4	0	7	13	7	0	1	0	0	2	17	1	7	0	7	2	0	0	2	3	0	0	1	0	0	44	2	0	0	3	1	2	0	0	0	5	21	1	1	1	1	0	6	1	18	0	6	1	13	2	0	0	1	11	7	5	0	0	0	6	0	19	4	3	3	1	1	7	0	0	2	0	0	13	10	0	5	0	43	22	1	1	0	1	2	1	0	0	0	2	0	8	10	8	5
94	16	15	25	35	23	35	12	54	39	10	33	9	26	18	9	33	27	29	5	15	15	15	14	13	8	18	20	46	53	52	32	38	39	24	14	23	24	13	3	16	11	15	13	9	12	25	12	11	4	2	4	19	8	25	6	20	38	55	11	11	3	14	17	8	5	18	7	13	17	15	5	14	22	33	10	24	14	16	10	8	14	20	5	8	12	33	3	20	3	16	23	27	6	17	12	39	15	1	2	7	13	8	2	11	13	18	15	38	31	44	33	21
95	22	19	44	57	48	43	25	90	65	29	29	23	48	37	18	88	54	45	20	41	33	33	22	38	19	41	53	46	134	77	19	106	60	54	26	41	41	22	70	64	21	24	30	27	50	46	34	26	27	18	9	52	20	44	12	32	52	70	18	22	7	24	16	21	47	21	21	16	35	32	16	40	45	73	29	58	52	44	29	21	16	27	14	25	18	56	4	27	15	20	47	59	12	30	16	31	54	10	11	8	23	15	13	20	33	37	54	48	29	79	45	23
96	35	25	54	66	45	47	27	71	86	26	47	8	46	38	29	69	71	54	13	50	29	50	30	30	28	22	57	45	69	54	30	105	52	27	18	51	38	35	12	20	19	11	32	27	36	36	27	28	14	8	10	28	11	58	10	32	67	86	16	14	11	17	9	22	58	14	13	43	14	39	19	39	36	66	8	63	27	41	14	60	33	35	3	24	23	46	10	24	8	16	48	39	32	30	22	29	50	14	16	18	37	15	19	21	19	25	67	20	51	58	39	30
97	0	0	0	0	0	0	0	0	0	0	0	0	0	0	0	0	0	0	0	0	0	0	0	0	0	0	0	0	0	0	0	0	0	0	0	0	0	0	0	0	0	0	0	0	0	0	0	0	0	0	0	0	0	0	0	0	0	0	0	0	0	0	0	0	0	0	0	0	0	0	0	0	0	0	0	0	0	0	0	0	0	0	0	0	0	0	0	0	0	0	0	0	0	0	0	0	0	0	0	0	0	0	0	0	0	0	0	0	0	0	0	0
98	13	16	31	32	27	55	22	34	31	11	31	3	28	16	8	43	33	23	5	13	11	18	20	13	14	38	32	39	40	36	42	23	30	26	11	37	30	8	8	17	6	11	13	9	15	26	11	18	11	6	6	30	6	47	7	12	25	37	7	10	8	14	15	8	37	31	2	8	8	15	5	19	21	38	9	28	25	29	10	5	9	18	3	7	36	27	6	9	5	10	40	18	6	17	10	33	13	2	1	3	16	7	4	5	4	27	21	39	37	28	20	12
99	0	0	0	0	0	0	0	0	0	0	0	0	0	0	0	0	0	0	0	0	0	0	0	0	0	0	0	0	0	0	0	0	0	0	0	0	0	0	0	0	0	0	0	0	0	0	0	0	0	0	0	0	0	0	0	0	0	0	0	0	0	0	0	0	0	0	0	0	0	0	0	0	0	0	0	0	0	0	0	0	0	0	0	0	0	0	0	0	0	0	0	0	0	0	0	0	0	0	0	0	0	0	0	0	0	0	0	0	0	0	0	0
100	0	0	0	0	0	0	0	0	0	0	0	0	0	0	0	0	0	0	0	0	0	0	0	0	0	0	0	0	0	0	0	0	0	0	0	0	0	0	0	0	0	0	0	0	0	0	0	0	0	0	0	0	0	0	0	0	0	0	0	0	0	0	0	0	0	0	0	0	0	0	0	0	0	0	0	0	0	0	0	0	0	0	0	0	0	0	0	0	0	0	0	0	0	0	0	0	0	0	0	0	0	0	0	0	0	0	0	0	0	0	0	0
101	0	17	3	1	0	7	5	17	0	3	0	0	0	0	0	0	0	0	0	6	0	0	0	0	0	0	0	0	0	0	0	0	0	0	0	0	0	0	0	0	0	0	0	0	1	6	0	0	0	0	0	0	0	0	0	0	0	0	0	0	0	0	0	0	0	0	0	0	0	0	0	0	0	0	0	0	0	21	0	1	0	0	0	0	0	0	0	0	0	0	0	0	0	0	0	0	0	0	0	0	0	0	0	0	0	0	0	0	2	19	0	23
102	6	16	10	12	12	46	12	31	33	17	46	11	47	17	19	48	24	34	2	8	11	14	14	20	1	22	20	56	25	20	34	41	17	21	12	20	29	21	8	17	5	6	19	5	4	3	22	22	16	1	2	5	11	35	6	24	30	38	1	1	3	34	11	25	38	3	4	5	8	12	16	7	8	18	11	17	16	26	12	11	31	7	3	10	9	11	7	9	0	14	29	15	8	11	9	38	13	3	4	4	17	4	4	9	13	19	34	43	43	25	16	20
103	0	3	34	33	60	2	20	49	1	5	14	3	14	1	0	0	2	2	0	0	0	0	1	0	3	113	42	3	62	88	5	10	0	1	35	30	37	80	29	74	160	69	51	21	39	50	23	1	17	13	30	87	83	111	95	10	49	51	48	10	11	11	1	4	2	0	1	22	56	28	37	118	13	0	11	2	0	0	0	0	21	123	126	241	84	17	14	19	52	59	6	2	38	59	31	22	43	0	71	16	10	2	4	10	1	7	49	74	12	93	104	6
104	0	18	9	1	11	83	32	2	44	69	0	0	0	0	0	0	0	0	0	0	1	0	0	1	0	17	2	0	14	0	0	0	12	0	6	38	2	12	0	23	0	2	1	0	0	36	4	0	0	0	0	0	0	0	0	2	3	55	0	0	0	0	0	11	2	34	1	0	0	8	0	7	0	0	0	0	3	4	15	6	9	43	0	0	0	0	0	0	0	0	0	0	0	2	2	25	9	0	0	6	0	10	108	40	1	11	11	1	5	0	0	1
105	1	96	7	0	27	41	47	19	3	0	15	31	25	27	1	1	32	8	1	0	121	6	0	2	12	5	2	0	2	16	4	9	4	3	0	17	10	2	1	2	2	0	0	1	0	21	24	8	2	24	37	30	12	7	0	18	25	26	0	1	0	0	1	0	5	0	7	21	2	122	1	0	2	24	6	2	5	5	1	6	1	0	1	14	8	18	12	12	13	0	2	0	0	10	24	17	3	0	12	6	1	1	47	1	2	0	0	0	4	0	3	2
106	76	43	1	4	12	35	47	21	1	30	5	9	1	57	51	65	16	10	26	14	67	18	1	2	3	6	18	74	3	43	2	38	155	20	12	88	12	11	5	13	21	0	4	3	2	12	0	3	49	69	35	6	1	7	7	25	6	1	6	0	0	1	2	4	2	2	4	4	2	11	1	0	23	32	9	0	14	34	45	14	7	7	0	13	35	1	18	9	2	0	5	11	8	6	5	1	2	0	2	1	1	35	19	11	11	14	84	12	14	2	2	40
107	0	7	12	1	4	27	17	21	5	3	0	19	5	2	1	1	1	0	4	21	0	0	0	0	8	0	0	0	0	0	0	4	3	1	0	0	0	2	0	8	48	0	5	0	1	0	1	1	0	0	0	33	8	1	0	2	1	5	1	0	0	0	2	0	0	0	0	0	1	2	1	0	62	0	0	2	2	0	0	0	0	1	0	0	0	0	57	0	0	0	0	0	17	12	1	0	0	0	0	2	9	0	0	0	0	6	0	0	1	0	5	1
108	5	41	3	14	12	18	58	16	30	53	10	9	1	0	0	0	1	8	0	6	32	25	1	1	23	28	15	1	27	0	0	1	15	54	3	9	0	54	54	61	23	124	20	7	5	46	17	21	24	3	0	57	59	53	31	45	0	3	0	1	1	2	0	4	8	0	76	29	119	164	57	21	34	15	7	8	127	6	35	6	9	16	32	13	10	27	6	4	99	51	2	1	2	17	13	12	38	0	18	20	25	4	0	1	3	18	8	2	0	2	34	10
109	1	2	48	77	79	32	41	72	14	5	14	4	14	0	0	1	1	2	0	0	0	1	0	0	4	114	43	3	59	89	5	9	0	1	23	30	38	75	29	71	124	51	47	18	38	27	22	2	17	13	31	74	72	155	29	110	91	17	47	11	13	10	1	4	1	0	3	22	56	6	24	9	12	1	12	2	0	0	0	0	16	124	121	140	70	17	14	19	51	70	18	1	39	58	31	21	19	0	72	17	10	1	5	10	0	7	49	71	13	93	143	5
110	5	24	48	37	7	8	21	39	15	5	118	50	56	9	1	1	4	14	6	4	25	12	2	10	6	1	16	34	22	9	11	15	54	31	30	69	25	15	4	48	34	67	122	77	38	54	12	21	66	46	21	57	3	6	5	5	19	26	74	12	13	33	37	20	14	3	10	5	0	0	15	22	6	0	0	0	3	30	0	6	7	44	14	0	1	10	0	2	1	21	76	9	17	18	10	9	32	0	42	35	14	15	7	0	13	9	31	3	1	31	25	18
111	3	89	118	48	10	7	38	67	17	6	138	52	86	9	1	0	5	15	6	4	31	60	2	11	5	1	16	33	22	44	15	15	99	32	30	71	33	16	4	48	51	51	44	85	37	116	11	22	66	52	20	56	4	6	11	6	18	31	82	106	28	63	44	19	15	2	13	9	47	66	61	10	20	9	3	28	86	30	1	5	6	46	16	1	0	10	1	2	1	18	100	12	17	18	10	10	30	0	70	35	13	14	8	0	11	49	63	8	1	33	20	10
112	27	42	36	25	28	41	63	44	15	38	43	41	51	39	16	23	56	42	33	36	28	42	30	16	44	41	28	28	91	36	10	49	93	80	65	86	60	81	16	54	71	79	37	53	74	56	27	87	59	68	39	49	44	47	19	27	41	48	28	35	27	31	16	30	40	16	65	74	63	83	28	29	70	57	35	33	50	42	26	38	70	54	32	25	40	47	33	39	32	34	28	33	41	65	31	37	57	0	39	32	36	27	18	48	23	67	21	41	18	34	30	26
113	31	45	41	20	27	25	61	40	28	33	34	50	46	44	19	15	23	27	25	29	39	47	28	18	40	51	37	19	90	25	15	41	55	54	51	81	58	79	10	68	51	65	35	49	62	63	15	44	56	33	30	38	44	38	20	31	43	47	14	38	32	27	12	43	55	17	48	65	51	46	37	27	55	50	15	39	37	46	23	31	51	41	34	41	35	46	30	37	49	39	26	35	44	58	24	37	14	0	69	25	31	15	20	46	26	47	22	45	13	33	48	23
114	28	21	17	15	49	43	50	25	2	11	47	81	32	42	32	9	9	30	13	21	4	0	0	0	0	0	0	0	0	0	0	0	0	0	0	0	0	22	40	120	107	33	49	27	57	35	11	13	19	0	0	0	0	0	0	0	0	0	0	0	0	0	0	0	0	0	0	0	81	24	6	1	8	1	1	34	29	11	8	10	16	26	0	0	0	0	0	0	0	0	2	24	29	41	13	6	23	0	50	7	16	8	2	14	5	0	0	0	0	0	0	0
115	0	0	0	0	0	0	0	0	0	0	0	0	0	0	0	0	0	0	0	0	35	13	12	2	30	60	59	10	25	23	3	18	24	4	28	34	25	29	0	0	0	0	0	0	0	0	0	0	0	13	7	11	25	11	2	18	28	14	50	9	13	17	5	32	59	9	29	41	4	0	0	0	0	0	0	0	0	0	0	0	0	0	77	49	38	10	12	45	58	44	7	0	0	0	0	0	0	0	0	0	0	0	0	0	13	34	3	24	8	64	61	30
116	79	85	155	97	62	48	83	107	71	111	66	87	127	84	42	29	108	101	85	66	66	119	59	48	164	71	65	44	181	84	30	112	188	140	96	179	114	85	44	84	92	113	44	81	83	76	66	146	133	110	56	64	91	79	27	45	113	57	52	76	35	36	0	50	65	0	17	120	62	189	61	58	137	126	32	51	135	69	60	63	81	104	48	34	39	129	40	23	40	36	47	43	58	58	37	82	118	0	49	67	80	50	35	65	28	69	68	53	24	71	45	25
117	0	0	0	0	0	0	0	0	0	0	0	0	0	0	0	0	0	0	0	0	0	0	0	0	0	0	0	0	0	0	0	0	0	0	0	0	0	0	0	0	0	0	0	0	0	0	0	0	0	0	0	0	0	0	0	0	0	0	0	0	0	0	0	0	0	0	0	0	0	0	0	0	0	0	0	0	0	0	0	0	0	0	0	0	0	0	0	0	0	0	0	0	0	0	0	0	0	0	0	0	0	0	0	0	0	0	0	0	0	0	0	0
118	109	54	82	44	42	19	2	4	3	2	0	2	0	2	9	38	6	8	3	0	17	24	1	14	10	70	10	12	128	118	15	25	9	1	0	40	3	4	0	0	0	2	3	5	4	39	4	0	2	0	0	0	21	61	1	37	80	54	1	1	0	0	11	0	1	6	29	24	50	39	8	68	60	76	12	4	14	0	15	0	4	46	1	9	122	94	2	30	5	21	13	33	1	15	0	0	61	4	1	10	4	3	11	20	42	0	2	3	97	143	53	21
119	10	8	29	42	0	23	1	19	7	3	57	0	111	39	2	31	4	35	1	4	1	10	3	0	2	0	40	17	22	11	9	43	60	1	12	13	0	1	63	2	1	5	4	12	0	0	10	6	2	6	0	10	0	4	0	1	12	17	0	0	5	1	3	4	0	4	1	1	0	1	2	0	1	0	0	6	0	51	3	1	2	0	0	0	0	1	0	11	9	6	24	21	7	3	0	0	22	0	18	1	1	14	2	0	2	0	0	0	0	1	0	0
120	12	5	25	29	16	29	17	24	17	5	72	31	56	11	3	10	8	13	1	14	7	1	1	1	15	15	63	67	12	6	0	7	10	5	14	42	25	3	1	12	0	0	8	0	0	0	3	2	4	0	0	15	0	0	4	1	27	6	0	0	0	0	0	13	6	3	1	0	13	12	2	1	11	0	0	8	9	15	3	8	28	19	2	0	0	1	0	1	1	0	23	10	3	6	22	19	3	1	0	24	5	3	2	2	2	0	0	0	25	14	10	11
121	1	0	5	2	0	10	17	70	18	1	0	0	15	0	1	4	9	4	0	0	1	3	11	4	7	3	7	14	3	2	2	3	7	1	0	12	1	4	2	1	0	0	0	1	0	1	0	9	2	0	1	0	2	0	0	17	3	31	6	0	0	6	0	10	2	5	0	4	0	0	10	0	3	1	0	2	0	0	13	0	9	7	0	2	0	3	4	1	2	3	7	4	0	2	11	1	0	0	0	0	3	2	0	1	1	0	0	1	2	5	7	0
122	1	5	2	6	1	2	9	61	0	4	0	3	40	1	0	6	12	13	2	196	45	5	3	9	1	0	0	3	1	11	7	19	22	9	1	7	15	42	10	5	22	0	5	19	5	5	0	1	6	2	1	14	0	3	6	4	8	10	3	0	2	9	7	3	7	1	0	0	3	0	13	4	2	14	6	28	1	3	11	3	4	3	0	2	0	0	4	2	1	5	24	3	5	5	1	17	2	0	0	1	1	4	1	0	2	11	3	2	6	19	20	3
123	6	4	50	39	7	30	6	34	18	8	4	26	7	2	2	38	22	10	0	24	15	8	2	13	4	3	27	28	5	10	2	27	8	6	2	13	11	5	8	7	15	2	2	0	0	0	6	1	8	0	0	38	7	3	3	8	31	48	10	24	2	15	28	8	21	3	5	1	11	0	6	1	5	8	0	5	13	6	2	1	7	10	2	20	28	16	2	5	2	0	6	63	7	15	4	1	3	0	0	15	41	2	1	2	14	25	20	1	24	17	31	9
124	2	2	3	20	0	6	2	4	12	0	0	0	0	9	2	15	18	8	1	1	1	0	4	0	0	0	3	0	0	5	2	15	5	2	4	4	13	7	4	0	3	0	2	5	0	0	0	0	2	3	0	0	0	2	3	1	7	23	4	15	0	12	0	0	2	0	1	0	0	0	5	1	7	22	2	5	2	2	5	2	0	1	0	2	0	0	0	0	0	0	3	3	0	8	0	1	0	0	0	0	1	0	0	0	0	16	6	3	5	10	16	8
125	1	7	24	10	11	8	18	27	5	0	1	0	5	7	2	7	16	18	3	1	6	7	0	3	1	0	10	44	16	23	5	23	11	2	12	2	22	12	3	18	5	8	11	4	0	26	2	11	8	0	3	28	2	2	2	3	8	3	13	45	0	9	1	31	0	2	2	3	3	12	5	11	1	11	21	6	2	33	4	8	26	8	10	0	0	6	0	1	1	6	9	13	1	15	1	11	5	0	0	0	28	3	1	3	0	5	21	10	9	2	10	12
126	3	7	33	13	12	7	13	15	11	4	0	1	2	4	7	25	38	19	9	2	3	19	4	3	0	0	15	10	4	13	0	6	5	3	9	29	17	8	0	7	9	1	54	4	1	5	2	3	1	0	0	3	2	1	2	11	5	32	0	0	1	24	54	6	1	0	0	25	9	1	5	46	56	29	3	19	8	3	4	6	2	0	0	0	17	27	1	8	1	9	2	1	2	4	12	28	9	0	10	9	19	16	4	53	11	3	0	3	4	3	13	12
127	2	2	18	25	3	5	0	3	4	0	0	0	0	0	0	2	12	0	0	3	0	0	3	1	1	9	14	2	1	0	0	1	0	0	0	0	4	0	0	1	0	0	0	0	76	3	0	1	0	0	0	0	2	0	0	16	25	21	0	0	0	0	1	0	31	28	0	1	0	0	0	0	0	3	0	0	2	1	0	0	0	0	0	26	0	0	0	0	0	0	0	1	0	9	1	1	0	43	38	26	5	0	0	3	15	1	0	0	2	3	4	0
128	1	13	6	10	9	12	33	65	40	45	1	0	22	40	21	64	4	8	4	6	2	4	14	141	15	60	0	17	76	83	117	74	5	158	7	6	41	2	1	3	25	18	2	0	12	0	53	40	22	0	4	1	6	124	13	15	68	24	0	0	32	22	20	42	75	1	0	8	4	14	5	2	0	53	38	83	186	44	18	12	8	4	4	25	6	20	1	6	1	18	45	4	3	6	56	51	47	7	2	0	11	4	2	0	11	81	210	69	57	46	11	4
129	0	0	0	0	0	0	0	0	0	0	0	0	0	0	0	0	0	0	0	0	0	0	0	0	0	0	0	0	0	0	0	0	0	0	0	0	0	0	0	0	0	0	0	0	0	0	0	0	0	0	0	0	0	0	0	0	0	0	0	0	0	0	0	0	0	0	0	0	0	0	0	0	0	0	0	0	0	0	0	0	0	0	0	0	0	0	0	0	0	0	0	0	0	0	0	0	0	0	0	0	0	0	0	0	0	0	0	0	0	0	0	0
;

																																																																																																																